540.840027    -4.493891    -4.798112    -8.463691    -1.442118
   580.760010    -5.153181    -5.446817    -9.945205    -2.012901
   620.690002    -6.076205    -6.081969   -11.450330    -2.600384
   660.609985    -6.770444    -6.605384   -12.769392    -2.942508
   700.539978    -7.418428    -7.181102   -14.398972    -3.303624
   730.479980    -7.850117    -7.554068   -15.497352    -3.669092
   750.440002    -7.964179    -7.706739   -16.047219    -3.839355
   770.400024    -8.345590    -7.782423   -16.740256    -3.958597
   790.369995    -8.548049    -7.777604   -17.219956    -4.160093
   810.330017    -8.690267    -7.613510   -17.689880    -4.363065
   830.289978    -8.827643    -7.427046   -18.168297    -4.575898
   850.250000    -8.920440    -7.349163   -18.462665    -4.699265
   870.210022    -9.335201    -7.518239   -19.216064    -5.011108
   890.169983    -9.741600    -7.286324   -19.312454    -5.024339
   910.140015    -9.805917    -7.283362   -19.802782    -5.426196
   930.099976   -10.359537    -7.359480   -21.028299    -5.713858
   950.059998   -10.707680    -7.411586   -21.621995    -5.993580
   970.020020   -10.871665    -7.831378   -22.248371    -6.114661
   989.979980   -11.180048    -8.477820   -23.285199    -6.443953
  1009.950012   -11.937386    -8.899744   -24.416791    -6.927038
  1029.910034   -12.236995    -9.394163   -25.231600    -7.211906
  1049.869995   -12.596027    -9.893889   -26.483681    -7.419411
  1069.829956   -13.110111   -10.451280   -27.664397    -7.747098
  1089.790039   -13.515401   -10.886553   -28.192070    -7.986058
  1109.760010   -13.743826   -11.382753   -28.948311    -8.330770
  1129.719971   -14.154537   -11.617343   -29.699983    -8.543100
  1149.680054   -14.665749   -12.066991   -30.950411    -8.857296
  1169.640015   -14.910587   -12.340047   -31.743888    -9.196383
  1189.599976   -15.298585   -12.604107   -32.531656    -9.393335
  1209.569946   -15.564434   -12.816033   -33.156665    -9.927868
  1229.530029   -15.847155   -13.079134   -34.643708   -10.212968
  1249.489990   -16.217069   -13.535734   -35.033220   -10.383887
  1269.449951   -16.675266   -13.832154   -35.945652   -10.997107
  1289.410034   -16.800218   -14.119544   -36.705071   -11.107567
  1309.380005   -17.130345   -14.416620   -37.403813   -11.353483
  1329.339966   -16.989599   -14.497582   -37.806600   -11.733368
  1349.300049   -17.465155   -14.901416   -38.847616   -12.238173
  1369.260010   -17.453338   -15.404008   -39.694753   -12.533346
  1389.219971   -18.304323   -15.392998   -40.422557   -13.001563
  1409.189941   -17.903868   -15.512942   -41.040012   -13.281576
  1429.150024   -18.005073   -15.767996   -41.923801   -13.660315
  1449.109985   -18.024877   -16.298196   -42.407209   -13.697607
  1469.069946   -17.529179   -15.957587   -42.941046   -13.858930
  1489.030029   -18.139301   -16.113082   -43.657051   -14.073842
  1508.989990   -18.097867   -16.330076   -43.805083   -14.375937
  1528.959961   -18.162542   -16.112775   -44.904170   -15.040767
  1548.920044   -17.947500   -15.996800   -45.378786   -15.261193
  1578.859985   -17.801984   -15.952393   -46.146158   -15.593403
  1618.790039   -17.559385   -16.218627   -47.547345   -16.013746
  1658.709961   -17.346692   -16.074278   -48.285760   -16.521303
  1698.630005   -17.017640   -15.882808   -49.354940   -17.058757
  1738.560059   -16.645032   -15.818737   -50.013520   -17.441579
  1778.479980   -16.564689   -15.760570   -51.163844   -17.896856
  1818.400024   -16.210917   -15.586095   -52.139073   -18.435492
  1858.329956   -16.351713   -15.564905   -53.099751   -19.165529
  1898.250000   -16.566568   -15.779508   -54.441761   -19.717665
  1938.180054   -16.636576   -15.947053   -55.500901   -20.510862
  1978.099976   -16.864508   -16.285956   -57.112148   -21.390718
  2018.020020   -17.191953   -16.719842   -59.041427   -22.002663
  2057.949951   -17.709791   -17.319164   -61.142838   -22.645079
  2097.870117   -18.234431   -18.007402   -62.942459   -23.319817
  2137.800049   -18.823663   -18.795476   -65.147178   -24.677848
  2177.719971   -19.456814   -19.407491   -67.414514   -25.657669
  2217.639893   -20.294509   -20.190250   -69.985969   -26.859816
  2257.570068   -20.847460   -20.906272   -72.665390   -27.479684
  2297.489990   -21.706305   -22.176852   -75.297133   -28.710375
  2337.419922   -22.417325   -22.653518   -77.763390   -29.794874
  2377.340088   -23.071398   -23.467812   -80.729930   -31.031553
  2417.260010   -23.863078   -24.545043   -82.966045   -32.747166
  2457.189941   -24.257137   -25.491892   -85.218903   -33.985082
  2497.110107   -24.407436   -26.072419   -87.635281   -35.053069
  2537.030029   -24.976559   -26.709105   -90.248585   -37.017797
  2576.959961   -24.912069   -27.073729   -92.804411   -38.363639
  2616.879883   -25.402314   -27.466604   -95.434037   -39.826242
  2656.810059   -25.602057   -28.392224   -97.459229   -41.435426
  2696.729980   -26.247989   -28.589012  -100.829873   -43.373353
  2736.649902   -26.363034   -28.998334  -105.808082   -45.473980
  2776.580078   -26.386646   -29.563154  -109.460115   -46.712302
  2816.500000   -26.202283   -29.146798  -109.255159   -47.308778
  2856.429932   -27.631809   -30.178620  -115.616698   -51.499658
  2896.350098   -26.985696   -28.976306  -118.055505   -53.223696
  2936.270020   -27.341386   -28.851160  -119.011303   -53.143089
  2976.199951   -28.969982   -30.112609  -128.157223   -58.834896
